https://www.youtube.com/watch?v=cbNjgZmAPA0 - DGE Live craps Ep 6
[7,10,3,9,7,10,5,5,4,9,9,12,7,3,7,9,10,4,7,10,5,7,8,9,11,8,3,8,6,10,4,9,3,6,3,5,5,8,11,5,4,9,8,6,10,5,10,7,6,5,9,7,3,11,6,4,7,5,4,5,8,9,8,7,8,3,7]

https://www.youtube.com/watch?v=zivmjHbK2aA&t=14s - DGE Craps Ep 5
[5,5,7,7,10,7,5,6,4,6,4,6,10,6,8,9,9,11,8,7,7,10,6,5,3,7,7,10,7,6,7,4,6,4,8,6,7,8,10,7,10,9,10,5,8,6,8,9,10,7]

https://www.youtube.com/watch?v=RCg36208MCg - WagerMeThis From 500 to 1K in just a few shooters
[6,8,4,8,4,6,8,8,10,8,8,7,8,3,12,3,7,12,8,7]

https://www.youtube.com/watch?v=7VOR27BX33g&list=PLzBQbsI5wd0G37ubQjfAzletYMz1bGnGr&index=6 - DGE When Your Losing
[10,6,9,7,10,9,6,10,3,6,2,6,10,6,7,8,5,9,6,11,6,9,4,6,10,10,9,9,8,5,5,5,5,8,5,9,3,8,6,3,11,5,6,5,6,9,11,9,12,4,8,4,6,6,9,7,5,7,8]



https://www.youtube.com/watch?v=zvvs3fbFBFA - WagerMeThis How to win 80-90% of the time
[7,7,8,8,4,4,9,6,7,2,3,8,7,5,2,11,4,9,6]

https://www.youtube.com/watch?v=DGRI6YDV5L0 - WagerMeThis Running 3-2-1 Live
[11,7,2,10,5,9,7,5,11,6,7,5,5,10,10,10,2,3,5,6,2,6,5,7,7,6,4,10,5,7,6,9,10,6,2,9,7,6,4,8,3,9,6,9,8,7,9,7,9,12,10,4,8,5,4,8,9,7,7,3,6,5,7,4,11,8,12,4,6,9,9,9,11,4,11,2,8,6,5,7,7,3,9,12,3,7,6,10,6,4,7,9,4,7,5,9,5,3,8,8,6,6,6,8,3,7,12,9,7,5,11,8,8,4,6,4,6,5,5,3,9,7]

https://www.youtube.com/watch?v=hy6AlFWUI80 - WagerMeThis Craps! Trust the natural average on Random
[5,6,8,4,6,6,7,10,8,6,7,7,12,11,10,6,3,10,5,10,7,7,4,8,5,9,7]

https://www.youtube.com/watch?v=OpsajNERq6o - Big AZ Craps Guru Casinos Don't Want You To Know This Secret!! $$$
[7,8,7,9,8,2,3,8,5,6,6,6,10,2,7,3,7,4,7,7,8,6,6,10,8,9,10,6,9,6,5,11,7,7,10,4,3,2,8,6,11,9,2,7]
44 rolls, 9 sevens

[7,7,2,3,10,2,7,3,7,4,7,7,10,10,11,7,7,10,4,3,2,11,2,7]
count of non-5689: 24

[7,8,7,9,8,2,3,8,5,6,6,6,10,2,7,3,7,4,7,7,8,6,6,10,8,9,10,6,9,6,5,11,7,7,10,4,3,2,8,6,11,9,2,7]
count of 5689: 20

https://www.youtube.com/watch?v=r6qFoutzdAQ - Drunk Craps Ep 1
[7,8,6,2,3,7,10,12,6,8,5,6,8,5,5,3,3,8,5,9,4,8,7,11,5,8,12,6,3,8,7,7,8,4,6,5,10,6,5,11,11,8,7,8,8,5,6,5,10,5,12,4,5,3,7,9,6,3,4,6,7,4,4,9,7,8,9,8,7,4,6,7,11,9,7,2,5,8,9,8,8,9,6,11,5,6,9,10,7,11,6,8,7,11,12,11,10,8,5,7,]

https://www.youtube.com/watch?v=wvC0BpikJ80 - Drunk Craps Ep 2
[9,6,11,6,7,4,6,8,3,9,6,6,5,5,8,10,7,8,8,4,9,11,3,9,10,7,3,10,4,7,8,9,4,6,9,9,8,8,6,9,6,9,8,5,9,9,7,7,2,7,12,8,4,6,7,12,6,7,10,6,6,4,5,8,8,6,7,8,2,5,6,7,10,4,8,8,10,6,5,3,5,4,5,7,2,7,9,7,7,5,9,6,9,8,6,10,8,6,6,8,7,9,8,11,9,2,8,10,8,5,10,5,7,7,7,7,10,10,5,8,8,6,4,2,12,8,6,3,6,7,2,5,4,5,7,3,6,7,10,5,6,10,4,4,5,6,10,8,2,5,3,9,7]

https://www.youtube.com/watch?v=_2e14ZTZFe8 - Drunk Craps Ep 3
[7,7,9,9,10,8,3,10,9,3,10,7,5,7,4,10,12,6,9,7,8,7,7,8,2,5,7,5,4,3,5,8,7,4,7,11,8,4,7,7,4,6,6,8,7,9,9,6,7,7,7,6,11,4,8,10,8,3,10,6,4,8,5,6,3,5,4,9,5,4,11,3,10,6,6,5,8,4,5,9,711,9,5,3,6,5,11,3,2,5,6,10,8,5,8,7]

https://www.youtube.com/watch?v=Mp-yD5J80k0 - Drunk Craps Ep 4
[10,4,10,7,4,6,5,11,7,7,4,4,11,8,9,7,12,5,7,8,10,7,6,3,7,8,12,6,7,6,6,3,7,10,3,9,6,4,10,12,8,5,11,8,8,7,6,10,4,5,10,7,8,7,4,4,7,5,6,10,11,11,7,3,4,8,4,9,4,8,5,7,6,7,2,10,10,6,4,4,8,12,9,9,8,9,7,10,10,3,9,4,7,10,6,8,9,6,9,6,7]

https://www.youtube.com/watch?v=rHcIF70swmY - Drunk Craps Ep 5
[9,7,9,10,5,9,9,2,3,9,7,5,7,4,11,9,4,6,7,8,7,3,11,10,7,10,8,5,6,8,5,10,8,10,9,9,11,5,10,10,7,7,10,10,9,8,2,6,7,6,8,7,8,6,5,7,7,3,5,5,11,6,5,2,4,7,7,2,9,6,6,7,9,6,6,4,3,4,5,8,8,8,8,7,8,11,10,6,9,6,12,12,9,4,6,7,8,5,9,7,9,7,9,8,7,6,9,8,9,6,4,6,5,12,7,10,3,4,9,10,7,8,10,10,9,9,5,8,7,5,7,6,10,7,5,4,8,5,8,8,6,8,5,9,6,12,12,8,7]

https://www.youtube.com/watch?v=wXc6snHy0qk - Ep 6 - Make Money! - Low Bankroll
I recorded this on paper
[6,6,6,5,10,5,2,9,9,4,10,10,7,6,3,3,7,4,6,5,11,11,5,9,4,10,8,5,4,5,4,4,6,9,6,3,7,3,11,8,7,12,8,7,3,2,6,4,5,11,7,9,8,6,5,8,9,9,3,7,11,4,10,8,7,11,9,6,2,7,6,7,5,9,8,5,9,8,7,6,6,5,6,5,5,3,8,3,5,7,8,7]

https://www.youtube.com/watch?v=dVdjSjQPFk4 - Ep 7 $200 dollars in 10 Minutes
[8,11,7,3,2,4,8,6,7,3,2,10,9,5,9,6,8,6,6,11,12,8,10,11,11,6,5,5,5,7,6,8,11,8,8,3,6,8,7,4,4,10,5,8,9,6,6,10,8,5,9,7,11,6,9,10,3,6,7,4,6,6,7]

https://www.youtube.com/watch?v=tZg5TKIvXE4 - Ep 8 - Make $400 in 20 Minutes
[5,3,8,7,5,8,4,6,7,8,3,5,7,5,5,8,6,8,10,6,5,7,9,10,11,6,8,9,8,7,4,6,4,8,6,6,11,8,8,10,9,8,6,8,10,9,7,8,4,8,9,3,6,4,8,5,8,9,5,7,7,8,6,5,10,8,11,10,6,7,2,8,4,4,6,9,6,6,8,4,4,10,10,10,3,9,8,9,7,7,7,6,5,9,7]
